Version 0.9.7
5
 4 10 175 77 128 0 1
 5 80 400 206 81 2 2
 0 110 110 877 276 8 3
 3 381 16 203 58 140 4
 1 370 420 206 81 149 5
 0
42
 16711680 5 71 288 71 288 71 358 71 358 163 358 163 358 0 1 0 3
 255 5 71 189 71 189 71 137 71 137 163 137 163 137 0 1 0 3
 255 5 176 137 176 137 176 158 137 158 137 176 137 176 0 3 0 3
 255 5 137 228 137 228 137 228 137 267 137 267 137 267 0 3 0 3
 255 5 137 319 137 319 137 371 137 371 163 371 163 371 0 3 0 3
 16744448 5 956 319 956 319 956 358 956 358 930 358 930 358 0 3 0 3
 16744448 5 956 228 956 228 956 228 956 280 956 280 956 280 0 3 0 3
 16744448 5 956 176 956 176 956 124 956 124 930 124 930 124 0 3 0 3
 255 5 228 176 228 176 228 176 228 137 228 137 228 137 0 3 0 3
 255 5 358 137 358 137 358 137 358 176 358 176 358 176 0 3 0 3
 255 5 488 137 488 137 488 137 488 176 488 176 488 176 0 3 0 3
 16711808 5 306 319 306 319 306 319 306 358 306 358 306 358 0 3 0 3
 16711808 5 436 319 436 319 436 319 436 358 436 358 436 358 0 3 0 3
 16711808 5 566 319 566 319 566 319 566 358 566 358 566 358 0 3 0 3
 16711808 5 371 358 371 358 371 489 371 489 385 489 385 489 0 3 0 5
 255 5 384 371 384 371 384 431 384 431 385 431 385 431 0 3 0 5
 16711680 5 392 53 392 53 392 124 392 124 397 124 397 124 0 4 0 3
 65535 5 426 431 426 431 228 431 228 431 228 319 228 319 0 5 0 3
 65535 5 241 280 241 280 241 272 358 272 358 280 358 280 0 3 0 3
 8454016 5 445 431 445 431 445 335 367 335 367 280 371 280 0 5 0 3
 4227327 5 384 280 384 280 384 271 449 271 449 280 449 280 0 3 0 3
 4227327 5 449 267 449 267 449 267 449 228 449 228 449 228 0 3 0 3
 4227327 5 449 176 449 176 444 176 444 71 427 71 427 60 0 3 0 4
 65535 5 241 293 241 293 241 288 397 288 397 293 397 293 0 3 0 3
 8454016 5 445 444 445 444 244 444 244 280 254 280 254 280 0 5 0 3
 8454016 5 267 280 267 280 267 266 410 266 410 280 410 280 0 3 0 3
 4227327 5 423 293 423 293 423 286 488 286 488 280 488 280 0 3 0 3
 65535 5 228 306 228 306 228 299 371 299 371 215 371 215 0 3 0 3
 65280 5 254 293 254 293 254 256 384 256 384 215 384 215 0 3 0 3
 4227327 5 397 215 397 215 397 219 462 219 462 215 462 215 0 3 0 3
 4227327 5 462 228 462 228 462 228 462 267 462 267 462 267 0 3 0 3
 4227327 5 462 280 462 280 462 273 501 273 501 280 501 280 0 3 0 3
 33023 5 514 280 514 280 514 273 579 273 579 280 579 280 0 3 0 3
 33023 5 579 267 579 267 579 267 579 228 579 228 579 228 0 3 0 3
 33023 5 579 176 579 95 452 95 452 60 447 60 447 60 0 3 0 4
 65535 5 215 228 215 228 208 228 208 267 215 267 215 267 0 3 0 3
 65535 5 215 215 215 215 215 209 410 209 410 215 410 215 0 3 0 3
 8454016 5 267 293 267 293 267 311 208 311 208 293 202 293 0 3 0 3
 8454143 5 228 280 228 280 228 280 215 280 215 280 215 280 0 3 0 3
 8454016 5 202 267 202 267 202 267 202 228 202 228 202 228 0 3 0 3
 8454016 5 202 202 202 202 202 195 423 195 423 202 423 202 0 3 0 3
 33023 5 436 202 429 202 429 157 467 157 467 60 467 60 0 3 0 4
3
 7008 1 14 352 228 5 0 305811668 -2 3
 7004 1 14 222 228 5 0 305811668 -2 3
 7032 1 14 482 228 5 0 305811668 -2 3
