Version 0.9.7
5
 4 10 175 77 128 0 1
 5 80 400 206 81 2 2
 0 160 160 877 276 8 3
 1 429 458 206 81 140 4
 3 448 42 203 58 150 5
 0
34
 255 5 71 189 71 189 213 189 213 189 213 187 213 187 0 1 0 3
 255 5 226 187 226 187 222 187 222 212 187 212 187 226 0 3 0 3
 255 5 187 369 187 369 187 421 187 421 213 421 213 421 0 3 0 3
 255 5 187 278 187 278 187 278 187 317 187 317 187 317 0 3 0 3
 16744448 5 71 288 71 288 71 408 71 408 213 408 213 408 0 1 0 3
 16744448 5 980 408 980 408 980 381 1006 381 1006 369 1006 369 0 3 0 3
 16744448 5 1006 317 1006 317 1006 317 1006 278 1006 278 1006 278 0 3 0 3
 16744448 5 1006 226 1006 226 1006 174 1006 174 980 174 980 174 0 3 0 3
 16744448 5 226 408 226 408 226 527 226 527 444 527 444 527 0 3 0 4
 16744448 5 459 79 459 79 459 174 459 174 460 174 460 174 0 5 0 3
 255 5 239 421 239 421 239 468 444 468 444 469 444 469 0 3 0 4
 33023 5 485 469 485 469 485 369 485 369 486 369 486 369 0 4 0 3
 33023 5 486 317 486 317 486 317 486 278 486 278 486 278 0 3 0 3
 33023 5 494 86 494 86 494 226 494 226 486 226 486 226 0 5 0 3
 255 5 564 226 564 226 564 226 564 187 564 187 564 187 0 3 0 3
 16744448 5 642 369 642 369 642 369 642 408 642 408 642 408 0 3 0 3
 8454143 5 486 330 486 330 486 326 564 326 564 330 564 330 0 3 0 3
 8454016 5 504 469 504 469 502 469 502 369 499 369 499 369 0 4 0 3
 4227327 5 590 330 590 330 590 324 655 324 655 330 655 330 0 3 0 3
 4227327 5 655 317 655 317 655 317 655 278 655 278 655 278 0 3 0 3
 4227327 5 655 226 655 226 655 208 514 208 514 86 514 86 0 3 0 5
 8454016 5 499 343 499 343 499 336 603 336 603 343 603 343 0 3 0 3
 16744703 5 523 469 523 469 518 469 518 369 512 369 512 369 0 4 0 3
 16744703 5 512 343 512 343 512 347 616 347 616 343 616 343 0 3 0 3
 4227327 5 629 343 629 343 629 339 668 339 668 343 668 343 0 3 0 3
 4227327 5 668 278 668 278 668 278 668 317 668 317 668 317 0 3 0 3
 4227327 5 668 226 668 197 533 197 533 86 534 86 534 86 0 3 0 5
 8454016 5 499 330 499 330 499 322 577 322 577 330 577 330 0 3 0 3
 16744703 5 512 317 512 317 512 317 512 278 512 278 512 278 0 3 0 3
 16744703 5 512 265 512 265 512 268 577 268 577 265 577 265 0 3 0 3
 4194432 5 542 469 542 469 532 469 532 369 525 369 525 369 0 4 0 3
 4194432 5 525 317 525 317 525 317 525 278 525 278 525 278 0 3 0 3
 4194432 5 525 252 525 252 525 258 590 258 590 252 590 252 0 3 0 3
 4227327 5 603 226 603 219 555 219 555 86 554 86 554 86 0 3 0 5
1
 7086 1 14 558 278 5 0 305811668 -2 3
