Version 0.9.7
5
 4 10 175 77 128 0 1
 5 80 400 206 81 2 2
 0 150 150 877 276 8 3
 3 176 34 203 58 140 4
 1 465 450 206 81 149 5
 0
45
 16711680 5 71 288 71 288 71 398 71 398 203 398 203 398 0 1 0 3
 255 5 203 177 203 177 177 177 177 177 177 216 177 216 0 3 0 3
 255 5 177 268 177 268 177 268 177 307 177 307 177 307 0 3 0 3
 255 5 177 359 177 359 177 411 177 411 203 411 203 411 0 3 0 3
 16711680 5 970 398 970 398 996 398 996 398 996 359 996 359 0 3 0 3
 16711680 5 996 307 996 307 996 307 996 268 996 268 996 268 0 3 0 3
 16711680 5 996 216 996 216 996 164 996 164 970 164 970 164 0 3 0 3
 255 5 71 189 71 189 216 189 216 189 216 177 216 177 0 1 0 3
 255 5 242 216 242 216 242 216 242 177 242 177 242 177 0 3 0 3
 16711680 5 320 359 320 359 320 359 320 398 320 398 320 398 0 3 0 3
 16711680 5 450 359 450 359 450 359 450 398 450 398 450 398 0 3 0 3
 16711680 5 580 359 580 359 580 359 580 398 580 398 580 398 0 3 0 3
 16711680 5 710 359 710 359 710 359 710 398 710 398 710 398 0 3 0 3
 16711680 5 840 359 840 359 840 359 840 398 840 398 840 398 0 3 0 3
 255 5 372 216 372 216 372 216 372 177 372 177 372 177 0 3 0 3
 255 5 502 216 502 216 502 216 502 177 502 177 502 177 0 3 0 3
 255 5 632 216 632 216 632 216 632 177 632 177 632 177 0 3 0 3
 255 5 762 216 762 216 762 216 762 177 762 177 762 177 0 3 0 3
 255 5 480 461 480 461 476 461 476 461 476 411 476 411 0 5 0 3
 16711680 5 480 519 480 519 480 398 480 398 476 398 476 398 0 5 0 3
 65535 5 242 359 242 359 242 461 242 461 521 461 521 461 0 3 0 5
 65535 5 268 320 268 320 222 320 222 320 222 78 222 78 0 3 0 4
 65535 5 255 359 255 359 255 474 255 474 540 474 540 474 0 3 0 5
 16711680 5 187 71 187 71 187 164 187 164 203 164 203 164 0 4 0 3
 4227327 5 372 359 372 359 372 474 372 474 521 474 521 474 0 3 0 5
 4227327 5 385 359 385 359 385 461 385 461 540 461 540 461 0 3 0 5
 4227327 5 398 320 398 320 398 320 333 320 333 320 333 320 0 3 0 3
 4227327 5 333 307 333 307 333 307 333 255 333 255 333 255 0 3 0 3
 65280 5 502 359 502 359 502 487 502 487 521 487 521 487 0 3 0 5
 65280 5 515 359 515 359 515 487 515 487 540 487 540 487 0 3 0 5
 65280 5 528 320 528 320 528 320 463 320 463 320 463 320 0 3 0 3
 65280 5 463 307 463 307 463 307 463 242 463 242 463 242 0 3 0 3
 33023 5 333 242 333 242 242 242 242 242 242 78 242 78 0 3 0 4
 65280 5 463 229 463 229 262 229 262 229 262 78 262 78 0 3 0 4
 16711935 5 619 255 619 255 282 255 282 255 282 78 282 78 0 3 0 4
 16711935 5 645 359 645 359 645 461 645 461 578 461 578 461 0 3 0 5
 16711935 5 632 359 632 359 632 461 632 461 559 461 559 461 0 3 0 5
 16711935 5 658 320 658 320 658 320 619 320 619 320 619 320 0 3 0 3
 16711935 5 619 307 619 307 619 307 619 268 619 268 619 268 0 3 0 3
 4194432 5 762 320 762 320 762 320 736 320 736 320 736 320 0 3 0 3
 4194432 5 736 307 736 307 736 307 736 242 736 242 736 242 0 3 0 3
 4194432 5 736 229 736 229 736 229 489 229 489 229 489 229 0 3 0 3
 4194432 5 489 216 489 216 302 216 302 216 302 78 302 78 0 3 0 4
 4194432 5 775 359 775 359 775 474 775 474 559 474 559 474 0 3 0 5
 4194432 5 788 359 788 359 788 487 788 487 578 487 578 487 0 3 0 5
5
 7008 1 14 236 268 5 0 1365979947 -2 3
 7032 1 14 366 268 5 0 1365979947 -2 3
 7000 1 14 496 268 5 0 1365979947 -2 3
 7002 1 14 756 268 5 0 1365979947 -2 3
 7086 1 14 626 268 5 0 1365979947 -2 3
