Version 0.9.7
5
 4 10 175 77 128 0 1
 5 80 400 206 81 2 2
 0 152 129 877 276 8 3
 3 265 40 203 58 146 4
 1 380 448 206 81 155 5
 0
38
 255 5 179 195 179 195 205 195 205 195 205 156 205 156 0 3 0 3
 255 5 179 247 179 247 179 247 179 286 179 286 179 286 0 3 0 3
 255 5 179 338 179 338 179 390 179 390 205 390 205 390 0 3 0 3
 255 5 71 189 71 189 218 189 218 189 218 156 218 156 0 1 0 3
 16744448 5 71 288 71 288 71 377 71 377 205 377 205 377 0 1 0 3
 16744448 5 972 377 972 377 972 338 972 338 998 338 998 338 0 3 0 3
 16744448 5 998 286 998 286 998 286 998 247 998 247 998 247 0 3 0 3
 16744448 5 998 195 998 195 998 143 998 143 972 143 972 143 0 3 0 3
 16744448 5 276 77 276 77 276 143 276 143 270 143 270 143 0 4 0 3
 16744448 5 395 517 395 517 218 517 218 517 218 377 218 377 0 5 0 3
 255 5 395 459 395 459 395 474 231 474 231 390 231 390 0 5 0 3
 4227200 5 660 286 660 286 660 286 660 247 660 247 660 247 0 3 0 3
 4227200 5 660 208 660 208 311 208 311 208 311 84 311 84 0 3 0 4
 32896 5 621 299 621 299 621 299 660 299 660 299 660 299 0 3 0 3
 8454143 5 296 338 296 338 296 450 436 450 436 459 436 459 0 3 0 5
 8454143 5 322 338 322 338 322 461 455 461 455 459 455 459 0 3 0 5
 8454143 5 436 472 436 472 436 338 436 338 439 338 439 338 0 5 0 3
 8454143 5 455 472 455 440 485 440 485 338 478 338 478 338 0 5 0 3
 65408 5 309 299 309 299 309 288 491 288 491 299 491 299 0 3 0 3
 16384 5 504 299 504 299 504 289 556 289 556 299 556 299 0 3 0 3
 16711808 5 335 299 335 299 335 299 452 299 452 299 452 299 0 3 0 3
 16384 5 465 299 465 299 465 306 569 306 569 299 569 299 0 3 0 3
 8388863 5 582 299 582 299 582 299 595 299 595 299 595 299 0 3 0 3
 8388736 5 309 312 309 312 309 312 270 312 270 312 270 312 0 3 0 3
 8388736 5 270 247 270 247 270 247 270 286 270 286 270 286 0 3 0 3
 8388736 5 270 234 270 234 270 239 452 239 452 234 452 234 0 3 0 3
 8388736 5 335 325 335 325 335 325 257 325 257 325 257 325 0 3 0 3
 8388736 5 257 286 257 286 257 286 257 247 257 247 257 247 0 3 0 3
 8388736 5 257 234 257 234 257 228 465 228 465 234 465 234 0 3 0 3
 16711808 5 478 234 478 234 478 234 530 234 530 234 530 234 0 3 0 3
 16711808 5 530 247 530 247 530 247 530 299 530 299 530 299 0 3 0 3
 16711808 5 530 312 530 312 530 312 608 312 608 312 608 312 0 3 0 3
 255 5 296 195 296 195 296 195 296 156 296 156 296 156 0 3 0 3
 255 5 439 195 439 195 439 195 439 156 439 156 439 156 0 3 0 3
 255 5 556 195 556 195 556 195 556 156 556 156 556 156 0 3 0 3
 16744448 5 634 338 634 338 634 338 634 377 634 377 634 377 0 3 0 3
 16744448 5 517 338 517 338 517 338 517 377 517 377 517 377 0 3 0 3
 16744448 5 374 338 374 338 374 338 374 377 374 377 374 377 0 3 0 3
3
 7008 1 14 433 247 5 0 1365979947 -2 3
 7032 1 14 550 247 5 0 1365979947 -2 3
 7004 1 14 290 247 5 0 1365979947 -2 3
