Version 0.9.7
5
 4 10 175 77 128 0 1
 5 80 400 206 81 2 2
 0 110 110 877 276 8 3
 1 309 435 206 81 140 4
 3 298 28 203 58 150 5
 0
57
 16711680 5 71 288 71 288 71 358 71 358 163 358 163 358 0 1 0 3
 16711680 5 930 358 930 358 956 358 956 358 956 319 956 319 0 3 0 3
 16711680 5 956 267 956 267 956 267 956 228 956 228 956 228 0 3 0 3
 16711680 5 956 176 956 176 956 124 956 124 930 124 930 124 0 3 0 3
 16711680 5 267 319 267 319 267 319 267 358 267 358 267 358 0 3 0 3
 16711680 5 423 319 423 319 423 319 423 358 423 358 423 358 0 3 0 3
 16711680 5 566 319 566 319 566 319 566 358 566 358 566 358 0 3 0 3
 255 5 189 176 189 176 189 176 189 137 189 137 189 137 0 3 0 3
 255 5 345 176 345 176 345 176 345 137 345 137 345 137 0 3 0 3
 255 5 488 176 488 176 488 176 488 137 488 137 488 137 0 3 0 3
 255 5 71 189 71 189 71 137 71 137 163 137 163 137 0 1 0 3
 255 5 176 137 176 137 176 147 137 147 137 176 137 176 0 3 0 3
 255 5 137 228 137 228 137 228 137 267 137 267 137 267 0 3 0 3
 255 5 137 319 137 319 137 371 137 371 163 371 163 371 0 3 0 3
 255 5 324 446 324 446 324 371 324 371 319 371 319 371 0 4 0 3
 16744448 5 309 65 309 65 309 124 309 124 306 124 306 124 0 5 0 3
 16744448 5 319 358 319 358 319 504 319 504 324 504 324 504 0 3 0 4
 16744448 5 722 319 722 319 722 319 722 358 722 358 722 358 0 3 0 3
 255 5 644 176 644 176 644 176 644 137 644 137 644 137 0 3 0 3
 33023 5 365 446 361 446 361 396 150 396 150 319 150 319 0 4 0 3
 16711680 5 441 446 441 446 441 433 189 433 189 319 189 319 0 4 0 3
 16711680 5 202 280 202 280 202 273 358 273 358 280 358 280 0 3 0 3
 4227200 5 403 446 403 446 403 411 215 411 215 319 215 319 0 4 0 3
 4227200 5 345 280 345 280 345 280 228 280 228 280 228 280 0 3 0 3
 12632256 5 422 446 422 446 422 423 241 423 241 319 241 319 0 4 0 3
 12632256 5 254 293 254 293 254 298 397 298 397 293 397 293 0 3 0 3
 12632256 5 371 280 371 280 371 271 488 271 488 280 488 280 0 3 0 3
 12632256 5 410 280 410 280 410 280 501 280 501 280 501 280 0 3 0 3
 12632256 5 514 280 514 280 514 280 527 280 527 280 527 280 0 3 0 3
 65535 5 384 446 384 446 381 446 381 319 436 319 436 319 0 4 0 3
 65535 5 436 306 436 306 436 312 696 312 696 306 696 306 0 3 0 3
 12632256 5 254 306 254 306 254 306 683 306 683 306 683 306 0 3 0 3
 16711680 5 441 459 441 459 441 434 670 434 670 319 670 319 0 4 0 3
 16711680 5 709 280 709 280 709 272 540 272 540 280 540 280 0 3 0 3
 16711680 5 553 280 553 280 553 280 579 280 579 280 579 280 0 3 0 3
 16711680 5 579 267 579 267 579 267 579 228 579 228 579 228 0 3 0 3
 16711680 5 579 215 579 215 579 222 553 222 553 215 553 215 0 3 0 3
 65535 5 436 267 436 267 436 267 436 228 436 228 436 228 0 3 0 3
 65535 5 436 176 436 176 436 164 202 164 202 176 202 176 0 3 0 3
 65535 5 215 189 215 189 215 180 358 180 358 189 358 189 0 3 0 3
 16711680 5 189 280 189 280 189 280 176 280 176 280 176 280 0 3 0 3
 16711680 5 176 267 176 267 176 267 176 228 176 228 176 228 0 3 0 3
 16711680 5 371 202 371 202 371 196 176 196 176 202 176 202 0 3 0 3
 16711680 5 384 202 384 202 384 195 501 195 501 202 501 202 0 3 0 3
 32896 5 403 459 403 459 403 411 735 411 735 319 735 319 0 4 0 3
 32896 5 735 267 735 267 735 267 735 228 735 228 735 228 0 3 0 3
 32896 5 735 215 735 215 735 209 709 209 709 215 709 215 0 3 0 3
 12632256 5 422 459 422 459 422 424 748 424 748 319 748 319 0 4 0 3
 12632256 5 748 267 748 267 748 267 748 228 748 228 748 228 0 3 0 3
 12632256 5 748 202 748 202 748 207 696 207 696 202 696 202 0 3 0 3
 16711680 5 670 280 670 280 670 280 631 280 631 280 631 280 0 3 0 3
 16711680 5 631 267 631 267 631 267 631 228 631 228 631 228 0 3 0 3
 16711680 5 631 202 631 202 631 210 683 210 683 202 683 202 0 3 0 3
 16711680 5 722 189 722 189 722 182 514 182 514 189 514 189 0 3 0 3
 16711680 5 527 202 527 202 527 202 540 202 540 202 540 202 0 3 0 3
 16711680 5 566 176 566 176 566 72 566 72 484 72 484 72 0 3 0 5
 32896 5 384 293 384 293 384 293 345 293 345 293 345 293 0 3 0 3
4
 7011 1 14 638 228 5 0 -701506560 -2 3
 7032 1 14 482 228 5 0 -701506560 -2 3
 7008 1 14 339 228 5 0 -701506560 -2 3
 7004 1 14 183 228 5 0 -701506560 -2 3
